from operator import gt
import numpy as np

R = np.array([ 9.9937557055545856e-01, 2.6018203771303830e-02,
       -2.3906527340177171e-02, -2.7110261398697662e-02,
       9.9854789136953459e-01, -4.6552576387889809e-02,
       2.2660598046962726e-02, 4.7171619793801266e-02,
       9.9862972896974334e-01 ]).reshape(3, 3)
t = np.array([7.0603239708050171e+02, 1.3861933834544891e+02,
       1.5571487852766774e+02])

t_wedge = np.array([[0, -t[2], t[1]], 
                     [t[2], 0, -t[0]], 
                     [-t[1], t[0], 0]])
calc_essential_mat = t_wedge @ R
gt_essential_mat = np.array([ 7.3626681683336708e+00, -1.4894986488416603e+02,
       1.4567832105927101e+02, 1.3961852921418702e+02,
       -2.9253270357430871e+01, -7.0878754334115365e+02,
       -1.5767350318980468e+02, 7.0140053515159775e+02,
       -2.9553720095382261e+01]).reshape(3, 3) 
print(calc_essential_mat)
print(gt_essential_mat)
print(calc_essential_mat - gt_essential_mat)


P_rgb2lidar = [902.1619534043892, -1955.263734951019, 26.66497478727897, 240.8242863807048;
 541.4072300994837, -28.8536341948079, -1921.560442420237, -148.6055077877698;
 0.999465, -0.0293924, 0.0143281, -0.044883672496545]
P_ir2lidar = [300.7818060389184, -1453.322493154576, 68.49981011204977, -1065628.060548958;
 332.5450289014908, -51.43928428082941, -1436.143103737682, -271226.8611439283;
 0.9981429411148695, -0.005125128563055102, 0.06069505641801062, -132.2149504277735]
T_rgb2lidar = [-0.0294907, -0.999543, 0.00669974, 0.1472511158478694;
 0.0141247, -0.0071187, -0.999875, -0.065062013944393;
 0.999465, -0.0293924, 0.0143281, -0.044883672496545]
T_ir2lidar = [-0.00720673482075045, -0.9993919154639312, 0.03412711241597274, -705.2142095124927;
 0.06048327733648046, -0.03450116344409997, -0.997572877997011, -164.1963193932445;
 0.9981429411148695, -0.005125128563055102, 0.06069505641801062, -132.2149504277735]

